        4.78506575181572         0.74138032085896         0.00000000000000         0.00000000000000         0.00000000000000         0.15897819577521         0.15897757861277         0.74138032085896         1.11894684047290        -0.00000000000000         0.00000000000000        -0.00000000000000         0.38170037419971         0.38169930010035         0.00000000000000        -0.00000000000000         1.11581381862896         0.00000000000000         0.00000000000000         0.19184182610724         0.11795020142405         0.00000000000000         0.00000000000000         0.00000000000000         1.11581381862896         0.00000000000000        -0.13826667990967         0.24559279209144         0.00000000000000        -0.00000000000000         0.00000000000000         0.00000000000000         1.11581381862896         0.13582945707701        -0.01192525219811         0.15897819577521         0.38170037419971         0.19184182610724        -0.13826667990967         0.13582945707701         0.51706539765291         0.15490909717972         0.15897757861277         0.38169930010035         0.11795020142405         0.24559279209144        -0.01192525219811         0.15490909717972         0.51706466849943
        0.74138032085896         0.13687336735613         0.00000000000000         0.00000000000000         0.00000000000000         0.02909799691520         0.02909788437655         0.13687336735613         0.25663337135461         0.00000000000000        -0.00000000000000        -0.00000000000000         0.08861868411658         0.08861843656904         0.00000000000000         0.00000000000000         0.25668396933615         0.00000000000000         0.00000000000000         0.04512131270604         0.02774195849214         0.00000000000000        -0.00000000000000         0.00000000000000         0.25668396933615         0.00000000000000        -0.03252040614721         0.05776357277827         0.00000000000000        -0.00000000000000         0.00000000000000         0.00000000000000         0.25668396933615         0.03194716987336        -0.00280482650724         0.02909799691520         0.08861868411658         0.04512131270604        -0.03252040614721         0.03194716987336         0.12199960377790         0.03630702434129         0.02909788437655         0.08861843656904         0.02774195849214         0.05776357277827        -0.00280482650724         0.03630702434129         0.12199943420774
        0.00000000000000         0.00000000000000         0.02447741078117         0.00000000000000         0.00000000000000         0.00094414000178         0.00058048511499         0.00000000000000         0.00000000000000         0.03780860585332         0.00000000000000         0.00000000000000         0.00467409217607         0.00287377283931         0.02447741078117         0.03780860585332         0.00000000000000        -0.00000000000000        -0.00000000000000         0.01142208975639         0.01012299489325         0.00000000000000         0.00000000000000        -0.00000000000000         0.00000000000000         0.00000000000000        -0.00150531170896         0.00164392064879         0.00000000000000         0.00000000000000        -0.00000000000000         0.00000000000000         0.00000000000000         0.00147877762230        -0.00007982387497         0.00094414000178         0.00467409217607         0.01142208975639        -0.00150531170896         0.00147877762230         0.00843510702868         0.00241613792667         0.00058048511499         0.00287377283931         0.01012299489325         0.00164392064879        -0.00007982387497         0.00241613792667         0.00518616061318
        0.00000000000000         0.00000000000000         0.00000000000000         0.02447741078117         0.00000000000000        -0.00068047258549         0.00120867076474         0.00000000000000         0.00000000000000         0.00000000000000         0.03780860585332         0.00000000000000        -0.00336877113761         0.00598369385489         0.00000000000000         0.00000000000000        -0.00000000000000         0.00000000000000         0.00000000000000        -0.00150531170896         0.00164392064879         0.02447741078117         0.03780860585332         0.00000000000000        -0.00000000000000        -0.00000000000000         0.01041843190727         0.01275640159397         0.00000000000000         0.00000000000000         0.00000000000000        -0.00000000000000        -0.00000000000000        -0.00106580340851        -0.00016620716280        -0.00068047258549        -0.00336877113761        -0.00150531170896         0.01041843190727        -0.00106580340851        -0.00607945757818         0.00083706513479         0.00120867076474         0.00598369385489         0.00164392064879         0.01275640159397        -0.00016620716280         0.00083706513479         0.01079848656338
        0.00000000000000         0.00000000000000         0.00000000000000         0.00000000000000         0.02447741078117         0.00066847791459        -0.00005868944105         0.00000000000000         0.00000000000000         0.00000000000000         0.00000000000000         0.03780860585332         0.00330938990462        -0.00029055029542         0.00000000000000         0.00000000000000        -0.00000000000000         0.00000000000000         0.00000000000000         0.00147877762230        -0.00007982387497         0.00000000000000         0.00000000000000         0.00000000000000        -0.00000000000000        -0.00000000000000        -0.00106580340851        -0.00016620716280         0.02447741078117         0.03780860585332         0.00000000000000        -0.00000000000000        -0.00000000000000         0.01038052103663         0.00934154398958         0.00066847791459         0.00330938990462         0.00147877762230        -0.00106580340851         0.01038052103663         0.00597229515242         0.00096635553393        -0.00005868944105        -0.00029055029542        -0.00007982387497        -0.00016620716280         0.00934154398958         0.00096635553393        -0.00052434224364
        0.15897819577521         0.02909799691520         0.00094414000178        -0.00068047258549         0.00066847791459         0.00626653607631         0.00617459904764         0.02909799691520         0.05419108274185         0.00176514244512        -0.00127219590434         0.00124977094333         0.01919824614236         0.01862679950849         0.00094414000178         0.00176514244512         0.05424502869070        -0.00011380686262         0.00011180079229         0.01021287888615         0.00626497168194        -0.00068047258549        -0.00127219590434        -0.00011380686262         0.05416914862529        -0.00008057848841        -0.00736075591314         0.01181865997973         0.00066847791459         0.00124977094333         0.00011180079229        -0.00008057848841         0.05416628243005         0.00723100807810        -0.00027946897094         0.00626653607631         0.01919824614236         0.01021287888615        -0.00736075591314         0.00723100807810         0.02667511183779         0.00779470519646         0.00617459904764         0.01862679950849         0.00626497168194         0.01181865997973        -0.00027946897094         0.00779470519646         0.02559949242672
        0.15897757861277         0.02909788437655         0.00058048511499         0.00120867076474        -0.00005868944105         0.00617459904764         0.00626648761595         0.02909788437655         0.05419087456064         0.00108526172104         0.00225970327309        -0.00010972443937         0.01862678002056         0.01919811897901         0.00058048511499         0.00108526172104         0.05414660698863         0.00012428605338        -0.00000603495941         0.00974719110924         0.00627916492573         0.00120867076474         0.00225970327309         0.00012428605338         0.05434570158971        -0.00001256583298        -0.00627127544528         0.01307431125590        -0.00005868944105        -0.00010972443937        -0.00000603495941        -0.00001256583298         0.05408752661343         0.00668367103402        -0.00063484949096         0.00617459904764         0.01862678002056         0.00974719110924        -0.00627127544528         0.00668367103402         0.02559942961317         0.00779467544250         0.00626648761595         0.01919811897901         0.00627916492573         0.01307431125590        -0.00063484949096         0.00779467544250         0.02667497189329
        0.74138032085896         0.13687336735613         0.00000000000000         0.00000000000000         0.00000000000000         0.02909799691520         0.02909788437655         0.13687336735613         0.25663337135461         0.00000000000000        -0.00000000000000        -0.00000000000000         0.08861868411658         0.08861843656904         0.00000000000000         0.00000000000000         0.25668396933615         0.00000000000000         0.00000000000000         0.04512131270604         0.02774195849214         0.00000000000000        -0.00000000000000         0.00000000000000         0.25668396933615         0.00000000000000        -0.03252040614721         0.05776357277827         0.00000000000000        -0.00000000000000         0.00000000000000         0.00000000000000         0.25668396933615         0.03194716987336        -0.00280482650724         0.02909799691520         0.08861868411658         0.04512131270604        -0.03252040614721         0.03194716987336         0.12199960377790         0.03630702434129         0.02909788437655         0.08861843656904         0.02774195849214         0.05776357277827        -0.00280482650724         0.03630702434129         0.12199943420774
        1.11894684047290         0.25663337135461         0.00000000000000         0.00000000000000         0.00000000000000         0.05419108274185         0.05419087456064         0.25663337135461         0.81720629583575         0.00000000000000         0.00000000000000         0.00000000000000         0.31184399103512         0.31184316853130         0.00000000000000         0.00000000000000         0.81702259109934         0.00000000000000         0.00000000000000         0.16956037321682         0.10425090163905         0.00000000000000         0.00000000000000         0.00000000000000         0.81702259109934         0.00000000000000        -0.12220770790531         0.21706847213882         0.00000000000000         0.00000000000000         0.00000000000000         0.00000000000000         0.81702259109934         0.12005355611524        -0.01054019644660         0.05419108274185         0.31184399103512         0.16956037321682        -0.12220770790531         0.12005355611524         0.49182650844115         0.13883439641034         0.05419087456064         0.31184316853130         0.10425090163905         0.21706847213882        -0.01054019644660         0.13883439641034         0.49182594277798
       -0.00000000000000         0.00000000000000         0.03780860585332         0.00000000000000         0.00000000000000         0.00176514244512         0.00108526172104         0.00000000000000         0.00000000000000         0.18051838763154         0.00000000000000         0.00000000000000         0.03551176030111         0.02183371095600         0.03780860585332         0.18051838763154         0.00000000000000         0.00000000000000         0.00000000000000         0.07242905038503         0.06103590524911         0.00000000000000         0.00000000000000         0.00000000000000         0.00000000000000         0.00000000000000        -0.01320181124199         0.01441743842302         0.00000000000000         0.00000000000000         0.00000000000000         0.00000000000000         0.00000000000000         0.01296910329086        -0.00070006773318         0.00176514244512         0.03551176030111         0.07242905038503        -0.01320181124199         0.01296910329086         0.08796102882940         0.02186378060983         0.00108526172104         0.02183371095600         0.06103590524911         0.01441743842302        -0.00070006773318         0.02186378060983         0.05408116143268
        0.00000000000000        -0.00000000000000         0.00000000000000         0.03780860585332         0.00000000000000        -0.00127219590434         0.00225970327309        -0.00000000000000         0.00000000000000         0.00000000000000         0.18051838763154         0.00000000000000        -0.02559448736606         0.04546157590799         0.00000000000000         0.00000000000000         0.00000000000000         0.00000000000000         0.00000000000000        -0.01320181124199         0.01441743842302         0.03780860585332         0.18051838763154         0.00000000000000         0.00000000000000         0.00000000000000         0.06362681932767         0.08413128943222         0.00000000000000         0.00000000000000         0.00000000000000         0.00000000000000         0.00000000000000        -0.00934725700761        -0.00145766253189        -0.00127219590434        -0.02559448736606        -0.01320181124199         0.06362681932767        -0.00934725700761        -0.06339639099808         0.00757465683617         0.00225970327309         0.04546157590799         0.01441743842302         0.08413128943222        -0.00145766253189         0.00757465683617         0.11260636502052
       -0.00000000000000        -0.00000000000000         0.00000000000000         0.00000000000000         0.03780860585332         0.00124977094333        -0.00010972443937        -0.00000000000000         0.00000000000000         0.00000000000000         0.00000000000000         0.18051838763154         0.02514333406549        -0.00220747829531         0.00000000000000         0.00000000000000         0.00000000000000         0.00000000000000         0.00000000000000         0.01296910329086        -0.00070006773318         0.00000000000000         0.00000000000000         0.00000000000000         0.00000000000000         0.00000000000000        -0.00934725700761        -0.00145766253189         0.03780860585332         0.18051838763154         0.00000000000000         0.00000000000000         0.00000000000000         0.06329433526126         0.05418245992456         0.00124977094333         0.02514333406549         0.01296910329086        -0.00934725700761         0.06329433526126         0.06227890461777         0.00874460976466        -0.00010972443937        -0.00220747829531        -0.00070006773318        -0.00145766253189         0.05418245992456         0.00874460976466        -0.00546782863840
        0.38170037419971         0.08861868411658         0.00467409217607        -0.00336877113761         0.00330938990462         0.01919824614236         0.01862678002056         0.08861868411658         0.31184399103512         0.03551176030111        -0.02559448736606         0.02514333406549         0.14658420039376         0.12037084816277         0.00467409217607         0.03551176030111         0.31424471149765        -0.00551785742427         0.00542059430845         0.09681075767043         0.05197981663152        -0.00336877113761        -0.02559448736606        -0.00551785742427         0.31056571207100        -0.00390679964518        -0.06977468008018         0.07626198230387         0.00330938990462         0.02514333406549         0.00542059430845        -0.00390679964518         0.31042674631542         0.06854476377971         0.00397332260791         0.01919824614236         0.14658420039376         0.09681075767043        -0.06977468008018         0.06854476377971         0.28926488125587         0.06526489608831         0.01862678002056         0.12037084816277         0.05197981663152         0.07626198230387         0.00397332260791         0.06526489608831         0.19675759580914
        0.38169930010035         0.08861843656904         0.00287377283931         0.00598369385489        -0.00029055029542         0.01862679950849         0.01919811897901         0.08861843656904         0.31184316853130         0.02183371095600         0.04546157590799        -0.00220747829531         0.12037084816277         0.14658348745195         0.00287377283931         0.02183371095600         0.30948206290204         0.00602594230503        -0.00029260175393         0.07300480427104         0.05952208130087         0.00598369385489         0.04546157590799         0.00602594230503         0.31913505731869        -0.00060924763884        -0.03296136671145         0.12393530457163        -0.00029055029542        -0.00220747829531        -0.00029260175393        -0.00060924763884         0.30661758275621         0.04601537270560        -0.00601792809422         0.01862679950849         0.12037084816277         0.07300480427104        -0.03296136671145         0.04601537270560         0.19675729899091         0.06526475627172         0.01919811897901         0.14658348745195         0.05952208130087         0.12393530457163        -0.00601792809422         0.06526475627172         0.28926404232917
        0.00000000000000         0.00000000000000         0.02447741078117         0.00000000000000         0.00000000000000         0.00094414000178         0.00058048511499         0.00000000000000         0.00000000000000         0.03780860585332         0.00000000000000         0.00000000000000         0.00467409217607         0.00287377283931         0.02447741078117         0.03780860585332         0.00000000000000        -0.00000000000000        -0.00000000000000         0.01142208975639         0.01012299489325         0.00000000000000         0.00000000000000        -0.00000000000000         0.00000000000000         0.00000000000000        -0.00150531170896         0.00164392064879         0.00000000000000         0.00000000000000        -0.00000000000000         0.00000000000000         0.00000000000000         0.00147877762230        -0.00007982387497         0.00094414000178         0.00467409217607         0.01142208975639        -0.00150531170896         0.00147877762230         0.00843510702868         0.00241613792667         0.00058048511499         0.00287377283931         0.01012299489325         0.00164392064879        -0.00007982387497         0.00241613792667         0.00518616061318
       -0.00000000000000         0.00000000000000         0.03780860585332         0.00000000000000         0.00000000000000         0.00176514244512         0.00108526172104         0.00000000000000         0.00000000000000         0.18051838763154         0.00000000000000         0.00000000000000         0.03551176030111         0.02183371095600         0.03780860585332         0.18051838763154         0.00000000000000         0.00000000000000         0.00000000000000         0.07242905038503         0.06103590524911         0.00000000000000         0.00000000000000         0.00000000000000         0.00000000000000         0.00000000000000        -0.01320181124199         0.01441743842302         0.00000000000000         0.00000000000000         0.00000000000000         0.00000000000000         0.00000000000000         0.01296910329086        -0.00070006773318         0.00176514244512         0.03551176030111         0.07242905038503        -0.01320181124199         0.01296910329086         0.08796102882940         0.02186378060983         0.00108526172104         0.02183371095600         0.06103590524911         0.01441743842302        -0.00070006773318         0.02186378060983         0.05408116143268
        1.11581381862896         0.25668396933615         0.00000000000000        -0.00000000000000        -0.00000000000000         0.05424502869070         0.05414660698863         0.25668396933615         0.81702259109934         0.00000000000000         0.00000000000000         0.00000000000000         0.31424471149765         0.30948206290204         0.00000000000000         0.00000000000000         0.88015908964711         0.00000000000000         0.00000000000000         0.18068569064286         0.10954784128478        -0.00000000000000         0.00000000000000         0.00000000000000         0.78527020092158         0.00000000000000        -0.11955478938434         0.20914299423905        -0.00000000000000         0.00000000000000         0.00000000000000         0.00000000000000         0.78527020092158         0.11744740051356        -0.01015535891965         0.05424502869070         0.31424471149765         0.18068569064286        -0.11955478938434         0.11744740051356         0.50119639179734         0.14131050388817         0.05414660698863         0.30948206290204         0.10954784128478         0.20914299423905        -0.01015535891965         0.14131050388817         0.48295466554518
        0.00000000000000         0.00000000000000        -0.00000000000000         0.00000000000000         0.00000000000000        -0.00011380686262         0.00012428605338         0.00000000000000         0.00000000000000         0.00000000000000         0.00000000000000         0.00000000000000        -0.00551785742427         0.00602594230503        -0.00000000000000         0.00000000000000         0.00000000000000         0.04744444436277         0.00000000000000        -0.00824419058263         0.01143024032029         0.00000000000000         0.00000000000000         0.04744444436277         0.00000000000000         0.00000000000000         0.00949937111311         0.00861797801939         0.00000000000000         0.00000000000000         0.00000000000000         0.00000000000000         0.00000000000000        -0.00205932971910        -0.00019744903106        -0.00011380686262        -0.00551785742427        -0.00824419058263         0.00949937111311        -0.00205932971910        -0.02113728879992         0.00157794093727         0.00012428605338         0.00602594230503         0.01143024032029         0.00861797801939        -0.00019744903106         0.00157794093727         0.02308362525845
        0.00000000000000         0.00000000000000        -0.00000000000000         0.00000000000000         0.00000000000000         0.00011180079229        -0.00000603495941         0.00000000000000         0.00000000000000         0.00000000000000         0.00000000000000         0.00000000000000         0.00542059430845        -0.00029260175393        -0.00000000000000         0.00000000000000         0.00000000000000         0.00000000000000         0.04744444436277         0.00809887046980        -0.00055501831851         0.00000000000000         0.00000000000000         0.00000000000000         0.00000000000000         0.00000000000000        -0.00205932971910        -0.00019744903106         0.00000000000000         0.00000000000000         0.04744444436277         0.00000000000000         0.00000000000000         0.00942612028471         0.00456123152414         0.00011180079229         0.00542059430845         0.00809887046980        -0.00205932971910         0.00942612028471         0.02076470241167         0.00246075597877        -0.00000603495941        -0.00029260175393        -0.00055501831851        -0.00019744903106         0.00456123152414         0.00246075597877        -0.00112087187295
        0.19184182610724         0.04512131270604         0.01142208975639        -0.00150531170896         0.00147877762230         0.01021287888615         0.00974719110924         0.04512131270604         0.16956037321682         0.07242905038503        -0.01320181124199         0.01296910329086         0.09681075767043         0.07300480427104         0.01142208975639         0.07242905038503         0.18068569064286        -0.00824419058263         0.00809887046980         0.08424928779788         0.04777568753338        -0.00150531170896        -0.01320181124199        -0.00824419058263         0.16394025703849        -0.00205932971910        -0.04555748176254         0.04545724728151         0.00147877762230         0.01296910329086         0.00809887046980        -0.00205932971910         0.16386700621009         0.04475444132776         0.00238623817654         0.01021287888615         0.09681075767043         0.08424928779788        -0.04555748176254         0.04475444132776         0.21815177788777         0.04626735775109         0.00974719110924         0.07300480427104         0.04777568753338         0.04545724728151         0.00238623817654         0.04626735775109         0.12722358686971
        0.11795020142405         0.02774195849214         0.01012299489325         0.00164392064879        -0.00007982387497         0.00626497168194         0.00627916492573         0.02774195849214         0.10425090163905         0.06103590524911         0.01441743842302        -0.00070006773318         0.05197981663152         0.05952208130087         0.01012299489325         0.06103590524911         0.10954784128478         0.01143024032029        -0.00055501831851         0.04777568753338         0.04493364294788         0.00164392064879         0.01441743842302         0.01143024032029         0.10357296000493        -0.00019744903106        -0.01364024073111         0.04975233771894        -0.00007982387497        -0.00070006773318        -0.00055501831851        -0.00019744903106         0.09951621350968         0.01944628004751        -0.00241582486885         0.00626497168194         0.05197981663152         0.04777568753338        -0.01364024073111         0.01944628004751         0.09699635682358         0.03196956989926         0.00627916492573         0.05952208130087         0.04493364294788         0.04975233771894        -0.00241582486885         0.03196956989926         0.13412634503740
        0.00000000000000         0.00000000000000         0.00000000000000         0.02447741078117         0.00000000000000        -0.00068047258549         0.00120867076474         0.00000000000000         0.00000000000000         0.00000000000000         0.03780860585332         0.00000000000000        -0.00336877113761         0.00598369385489         0.00000000000000         0.00000000000000        -0.00000000000000         0.00000000000000         0.00000000000000        -0.00150531170896         0.00164392064879         0.02447741078117         0.03780860585332         0.00000000000000        -0.00000000000000        -0.00000000000000         0.01041843190727         0.01275640159397         0.00000000000000         0.00000000000000         0.00000000000000        -0.00000000000000        -0.00000000000000        -0.00106580340851        -0.00016620716280        -0.00068047258549        -0.00336877113761        -0.00150531170896         0.01041843190727        -0.00106580340851        -0.00607945757818         0.00083706513479         0.00120867076474         0.00598369385489         0.00164392064879         0.01275640159397        -0.00016620716280         0.00083706513479         0.01079848656338
        0.00000000000000        -0.00000000000000         0.00000000000000         0.03780860585332         0.00000000000000        -0.00127219590434         0.00225970327309        -0.00000000000000         0.00000000000000         0.00000000000000         0.18051838763154         0.00000000000000        -0.02559448736606         0.04546157590799         0.00000000000000         0.00000000000000         0.00000000000000         0.00000000000000         0.00000000000000        -0.01320181124199         0.01441743842302         0.03780860585332         0.18051838763154         0.00000000000000         0.00000000000000         0.00000000000000         0.06362681932767         0.08413128943222         0.00000000000000         0.00000000000000         0.00000000000000         0.00000000000000         0.00000000000000        -0.00934725700761        -0.00145766253189        -0.00127219590434        -0.02559448736606        -0.01320181124199         0.06362681932767        -0.00934725700761        -0.06339639099808         0.00757465683617         0.00225970327309         0.04546157590799         0.01441743842302         0.08413128943222        -0.00145766253189         0.00757465683617         0.11260636502052
        0.00000000000000         0.00000000000000        -0.00000000000000         0.00000000000000         0.00000000000000        -0.00011380686262         0.00012428605338         0.00000000000000         0.00000000000000         0.00000000000000         0.00000000000000         0.00000000000000        -0.00551785742427         0.00602594230503        -0.00000000000000         0.00000000000000         0.00000000000000         0.04744444436277         0.00000000000000        -0.00824419058263         0.01143024032029         0.00000000000000         0.00000000000000         0.04744444436277         0.00000000000000         0.00000000000000         0.00949937111311         0.00861797801939         0.00000000000000         0.00000000000000         0.00000000000000         0.00000000000000         0.00000000000000        -0.00205932971910        -0.00019744903106        -0.00011380686262        -0.00551785742427        -0.00824419058263         0.00949937111311        -0.00205932971910        -0.02113728879992         0.00157794093727         0.00012428605338         0.00602594230503         0.01143024032029         0.00861797801939        -0.00019744903106         0.00157794093727         0.02308362525845
        1.11581381862896         0.25668396933615         0.00000000000000        -0.00000000000000        -0.00000000000000         0.05416914862529         0.05434570158971         0.25668396933615         0.81702259109934         0.00000000000000         0.00000000000000         0.00000000000000         0.31056571207100         0.31913505731869         0.00000000000000         0.00000000000000         0.78527020092158         0.00000000000000         0.00000000000000         0.16394025703849         0.10357296000493        -0.00000000000000         0.00000000000000         0.00000000000000         0.88015908964711         0.00000000000000        -0.12882840506038         0.23461150562254        -0.00000000000000         0.00000000000000         0.00000000000000         0.00000000000000         0.78527020092158         0.11607435437023        -0.01047165374922         0.05416914862529         0.31056571207100         0.16394025703849        -0.12882840506038         0.11607435437023         0.48710322711466         0.13832486212447         0.05434570158971         0.31913505731869         0.10357296000493         0.23461150562254        -0.01047165374922         0.13832486212447         0.51993246826161
        0.00000000000000         0.00000000000000         0.00000000000000        -0.00000000000000        -0.00000000000000        -0.00008057848841        -0.00001256583298         0.00000000000000         0.00000000000000         0.00000000000000         0.00000000000000         0.00000000000000        -0.00390679964518        -0.00060924763884         0.00000000000000         0.00000000000000         0.00000000000000         0.00000000000000         0.00000000000000        -0.00205932971910        -0.00019744903106        -0.00000000000000         0.00000000000000         0.00000000000000         0.00000000000000         0.04744444436277         0.00672582432647        -0.00087131314808        -0.00000000000000         0.00000000000000         0.00000000000000         0.04744444436277         0.00000000000000        -0.00679371325139         0.00949727573047        -0.00008057848841        -0.00390679964518        -0.00205932971910         0.00672582432647        -0.00679371325139        -0.01496580031598        -0.00003301010558        -0.00001256583298        -0.00060924763884        -0.00019744903106        -0.00087131314808         0.00949727573047        -0.00003301010558        -0.00233384979025
       -0.13826667990967        -0.03252040614721        -0.00150531170896         0.01041843190727        -0.00106580340851        -0.00736075591314        -0.00627127544528        -0.03252040614721        -0.12220770790531        -0.01320181124199         0.06362681932767        -0.00934725700761        -0.06977468008018        -0.03296136671145        -0.00150531170896        -0.01320181124199        -0.11955478938434         0.00949937111311        -0.00205932971910        -0.04555748176254        -0.01364024073111         0.01041843190727         0.06362681932767         0.00949937111311        -0.12882840506038         0.00672582432647         0.05387410112729        -0.00454817102902        -0.00106580340851        -0.00934725700761        -0.00205932971910         0.00672582432647        -0.11810431205310        -0.03225598994321        -0.00066956040954        -0.00736075591314        -0.06977468008018        -0.04555748176254         0.05387410112729        -0.03225598994321        -0.15722912285078        -0.02358532310996        -0.00627127544528        -0.03296136671145        -0.01364024073111        -0.00454817102902        -0.00066956040954        -0.02358532310996        -0.03967359537794
        0.24559279209144         0.05776357277827         0.00164392064879         0.01275640159397        -0.00016620716280         0.01181865997973         0.01307431125590         0.05776357277827         0.21706847213882         0.01441743842302         0.08413128943222        -0.00145766253189         0.07626198230387         0.12393530457163         0.00164392064879         0.01441743842302         0.20914299423905         0.00861797801939        -0.00019744903106         0.04545724728151         0.04975233771894         0.01275640159397         0.08413128943222         0.00861797801939         0.23461150562254        -0.00087131314808        -0.00454817102902         0.12463222184327        -0.00016620716280        -0.00145766253189        -0.00019744903106        -0.00087131314808         0.20721002964922         0.02887740793292        -0.00503016669391         0.01181865997973         0.07626198230387         0.04545724728151        -0.00454817102902         0.02887740793292         0.11735389962662         0.05069023665409         0.01307431125590         0.12393530457163         0.04975233771894         0.12463222184327        -0.00503016669391         0.05069023665409         0.27927433080276
        0.00000000000000         0.00000000000000         0.00000000000000         0.00000000000000         0.02447741078117         0.00066847791459        -0.00005868944105         0.00000000000000         0.00000000000000         0.00000000000000         0.00000000000000         0.03780860585332         0.00330938990462        -0.00029055029542         0.00000000000000         0.00000000000000        -0.00000000000000         0.00000000000000         0.00000000000000         0.00147877762230        -0.00007982387497         0.00000000000000         0.00000000000000         0.00000000000000        -0.00000000000000        -0.00000000000000        -0.00106580340851        -0.00016620716280         0.02447741078117         0.03780860585332         0.00000000000000        -0.00000000000000        -0.00000000000000         0.01038052103663         0.00934154398958         0.00066847791459         0.00330938990462         0.00147877762230        -0.00106580340851         0.01038052103663         0.00597229515242         0.00096635553393        -0.00005868944105        -0.00029055029542        -0.00007982387497        -0.00016620716280         0.00934154398958         0.00096635553393        -0.00052434224364
       -0.00000000000000        -0.00000000000000         0.00000000000000         0.00000000000000         0.03780860585332         0.00124977094333        -0.00010972443937        -0.00000000000000         0.00000000000000         0.00000000000000         0.00000000000000         0.18051838763154         0.02514333406549        -0.00220747829531         0.00000000000000         0.00000000000000         0.00000000000000         0.00000000000000         0.00000000000000         0.01296910329086        -0.00070006773318         0.00000000000000         0.00000000000000         0.00000000000000         0.00000000000000         0.00000000000000        -0.00934725700761        -0.00145766253189         0.03780860585332         0.18051838763154         0.00000000000000         0.00000000000000         0.00000000000000         0.06329433526126         0.05418245992456         0.00124977094333         0.02514333406549         0.01296910329086        -0.00934725700761         0.06329433526126         0.06227890461777         0.00874460976466        -0.00010972443937        -0.00220747829531        -0.00070006773318        -0.00145766253189         0.05418245992456         0.00874460976466        -0.00546782863840
        0.00000000000000         0.00000000000000        -0.00000000000000         0.00000000000000         0.00000000000000         0.00011180079229        -0.00000603495941         0.00000000000000         0.00000000000000         0.00000000000000         0.00000000000000         0.00000000000000         0.00542059430845        -0.00029260175393        -0.00000000000000         0.00000000000000         0.00000000000000         0.00000000000000         0.04744444436277         0.00809887046980        -0.00055501831851         0.00000000000000         0.00000000000000         0.00000000000000         0.00000000000000         0.00000000000000        -0.00205932971910        -0.00019744903106         0.00000000000000         0.00000000000000         0.04744444436277         0.00000000000000         0.00000000000000         0.00942612028471         0.00456123152414         0.00011180079229         0.00542059430845         0.00809887046980        -0.00205932971910         0.00942612028471         0.02076470241167         0.00246075597877        -0.00000603495941        -0.00029260175393        -0.00055501831851        -0.00019744903106         0.00456123152414         0.00246075597877        -0.00112087187295
        0.00000000000000         0.00000000000000         0.00000000000000        -0.00000000000000        -0.00000000000000        -0.00008057848841        -0.00001256583298         0.00000000000000         0.00000000000000         0.00000000000000         0.00000000000000         0.00000000000000        -0.00390679964518        -0.00060924763884         0.00000000000000         0.00000000000000         0.00000000000000         0.00000000000000         0.00000000000000        -0.00205932971910        -0.00019744903106        -0.00000000000000         0.00000000000000         0.00000000000000         0.00000000000000         0.04744444436277         0.00672582432647        -0.00087131314808        -0.00000000000000         0.00000000000000         0.00000000000000         0.04744444436277         0.00000000000000        -0.00679371325139         0.00949727573047        -0.00008057848841        -0.00390679964518        -0.00205932971910         0.00672582432647        -0.00679371325139        -0.01496580031598        -0.00003301010558        -0.00001256583298        -0.00060924763884        -0.00019744903106        -0.00087131314808         0.00949727573047        -0.00003301010558        -0.00233384979025
