       29.00320406467810        -0.16801096113783         0.00000000000000        -0.00000000000000         0.00000000000000        -0.00454750272384        -0.00454759337068
       -0.16801096113783         0.80812790277365        -0.00000000000000        -0.00000000000000        -0.00000000000000         0.11368847438160         0.11368775611660
        0.00000000000000        -0.00000000000000         2.52873122631647         0.00000000000000         0.00000000000000         0.18295676732943         0.11248712952168
       -0.00000000000000        -0.00000000000000         0.00000000000000         2.52873122631647         0.00000000000000        -0.13186292738637         0.23421772816020
        0.00000000000000        -0.00000000000000         0.00000000000000         0.00000000000000         2.52873122631647         0.12953858331723        -0.01137291308019
       -0.00454750272384         0.11368847438160         0.18295676732943        -0.13186292738637         0.12953858331723         0.76003187992239         0.00830169999980
       -0.00454759337068         0.11368775611660         0.11248712952168         0.23421772816020        -0.01137291308019         0.00830169999980         0.76003187992239
