      -61.68814246298972        -7.43627733699052        -0.01650498887374        -0.00571807028198        -0.00660132737334        -1.61453889512405        -1.61453260410113
       -7.43627733699052       -10.11005794907887        -0.19630389758902        -0.06800856329351        -0.07851359281467        -3.65607304595352        -3.65606287785836
       -0.01650498887374        -0.19630389758902       -10.03853985506356        -0.00380849276800        -0.03843912387133        -1.98305339927064        -1.24398826109764
       -0.00571807028198        -0.06800856329351        -0.00380849276800       -10.08332042871544         0.03385200732630         1.36068630390578        -2.47868100368346
       -0.00660132737334        -0.07851359281467        -0.03843912387133         0.03385200732630        -9.98844869005595        -1.38426495065365         0.09357961098773
       -1.61453889512405        -3.65607304595352        -1.98305339927064         1.36068630390578        -1.38426495065365        -5.71597441178257        -1.56781923645259
       -1.61453260410113        -3.65606287785836        -1.24398826109764        -2.47868100368346         0.09357961098773        -1.56781923645259        -5.71596853814128
